threads  PBheap-1024    PBheap-512      PBheap-256      PBheap-128      PBheap-64
1          0.15    0.23    0.27    0.29    0.31
12         1.31    1.56    1.58    1.70    1.60
24         2.56    2.86    2.96    3.07    3.30
36         3.29    3.85    3.87    3.91    4.02
48         4.56    4.99    5.17    5.20    5.02
60         5.00    5.77    5.91    6.01    6.05
72         5.71    6.49    6.58    6.83    6.57
84         6.20    6.83    7.08    7.46    7.78
96         6.01    6.82    7.04    7.36    7.77
